10 0.5400475859642029 0.8798572421073914 0.9536082744598389 0.9801744818687439 0.9841395616531372 0.9865186214447021 0.9861221313476562 0.9888976812362671 0.9892942309379578 0.9904837608337402 0.9944488406181335 0.993655800819397 0.9948453903198242 0.9952418804168701 0.9944488406181335 0.993655800819397 0.9940523505210876 0.993655800819397 0.991276741027832 0.9932593107223511 0.991276741027832 0.991276741027832 0.9924662709236145 0.9896907210350037 0.9920697808265686 0.9908802509307861 0.9944488406181335 0.9896907210350037 0.9857256412506104 0.9920697808265686 
10 0.6856837868690491 0.971581220626831 0.9833333492279053 0.9876068234443665 0.9916666746139526 0.9931623935699463 0.9946581125259399 0.9946581125259399 0.9946581125259399 0.9942307472229004 0.9948717951774597 0.9940170645713806 0.9940170645713806 0.9940170645713806 0.9948717951774597 0.9946581125259399 0.9946581125259399 0.9946581125259399 0.9944444298744202 0.9944444298744202 0.9946581125259399 0.9942307472229004 0.9948717951774597 0.9942307472229004 0.9952991604804993 0.9944444298744202 0.9952991604804993 0.9948717951774597 0.9673076868057251 0.985897421836853 
10 0.6478632688522339 0.9649572372436523 0.9899572730064392 0.9929487109184265 0.9856837391853333 0.9908119440078735 0.9918803572654724 0.9929487109184265 0.9938034415245056 0.9938034415245056 
10 0.6187667846679688 0.811796247959137 0.9329758882522583 0.9635388851165771 0.9747989177703857 0.9812332391738892 0.9887399673461914 0.9919571280479431 0.9930294752120972 0.9924932718276978 
10 0.8014957308769226 0.9861111044883728 0.9933760762214661 0.9927350282669067 0.9948717951774597 0.9952991604804993 0.9961538314819336 0.9961538314819336 0.9961538314819336 0.9961538314819336 
10 0.7927350401878357 0.9861111044883728 0.9948717951774597 0.995512843132019 0.9963675141334534 0.9961538314819336 0.9961538314819336 0.9970085620880127 0.9952991604804993 0.9818376302719116 0.9923076629638672 0.9965811967849731 0.9959401488304138 0.9963675141334534 0.9970085620880127 0.9967948794364929 0.9970085620880127 0.9970085620880127 0.9967948794364929 0.9965811967849731 0.9967948794364929 0.9970085620880127 0.9965811967849731 0.9970085620880127 0.9967948794364929 0.9967948794364929 0.9970085620880127 0.9965811967849731 0.9929487109184265 0.9918803572654724 
10 0.5352993607521057 0.9209115505218506 0.9763181209564209 0.9865951538085938 0.9924039244651794 0.9932975769042969 0.9941912293434143 0.9941912293434143 0.9955317378044128 0.9955317378044128 0.9950848817825317 0.9955317378044128 0.9955317378044128 0.9964253902435303 0.9959785342216492 0.9959785342216492 0.9964253902435303 0.9950848817825317 0.9924039244651794 0.989276111125946 0.9946380853652954 0.9959785342216492 0.9959785342216492 0.9946380853652954 0.9955317378044128 0.9950848817825317 0.9959785342216492 0.9959785342216492 0.9959785342216492 0.9955317378044128 
10 0.7399341464042664 0.975436806678772 0.989617645740509 0.9946821928024292 0.9951886534690857 0.9946821928024292 0.9939225316047668 0.9954419136047363 0.9956951141357422 0.9951886534690857 0.9962015748023987 0.9967080354690552 0.9967080354690552 0.9962015748023987 0.995948314666748 0.9964547753334045 0.996961236000061 0.9962015748023987 0.9964547753334045 0.9964547753334045 0.9962015748023987 0.9964547753334045 0.9962015748023987 0.9964547753334045 0.9964547753334045 0.9967080354690552 0.9972144961357117 0.9967080354690552 0.9962015748023987 0.9967080354690552 
10 0.6649785041809082 0.9701189994812012 0.9936692714691162 0.9941757321357727 0.9962015748023987 0.996961236000061 0.9931628108024597 0.9944289922714233 0.9954419136047363 0.9946821928024292 0.9956951141357422 0.9972144961357117 0.9964547753334045 0.9972144961357117 0.996961236000061 0.9967080354690552 0.9967080354690552 0.9972144961357117 0.996961236000061 0.9972144961357117 0.9967080354690552 0.9974676966667175 0.9974676966667175 0.9972144961357117 0.9972144961357117 0.996961236000061 0.9974676966667175 0.997974157333374 0.996961236000061 0.9967080354690552 
10 0.5777778029441833 0.9204444289207458 0.9697777628898621 0.9817777872085571 0.9848889112472534 0.9902222156524658 0.992888867855072 0.9959999918937683 0.995555579662323 0.9933333396911621 0.9946666955947876 0.9937777519226074 0.9933333396911621 0.9951111078262329 0.9951111078262329 0.9946666955947876 0.9942222237586975 0.9951111078262329 0.9906666874885559 0.9951111078262329 0.9942222237586975 0.9937777519226074 0.9951111078262329 0.9959999918937683 0.9959999918937683 0.9951111078262329 0.9951111078262329 0.9959999918937683 0.9959999918937683 0.9968888759613037 
10 0.5875384211540222 0.9188240170478821 0.9556823372840881 0.9798157215118408 0.9850811958312988 0.9885914921760559 0.9890303015708923 0.9942957162857056 0.9934181571006775 0.9938569664955139 0.994734525680542 0.9934181571006775 0.9951733350753784 0.9942957162857056 0.9951733350753784 0.9960508942604065 0.9956120848655701 0.9960508942604065 0.9960508942604065 0.9925405979156494 0.989469051361084 0.9885914921760559 0.9912242293357849 0.9951733350753784 0.9934181571006775 0.9929793477058411 0.9951733350753784 0.9956120848655701 0.9956120848655701 0.994734525680542 
10 0.6768802404403687 0.9683464169502258 0.9888579249382019 0.9911369681358337 0.9807546138763428 0.9903773069381714 0.9913902282714844 0.9931628108024597 0.9946821928024292 0.9946821928024292 0.9951886534690857 0.9944289922714233 0.9946821928024292 0.9949354529380798 0.9936692714691162 0.995948314666748 0.9949354529380798 0.9956951141357422 0.9949354529380798 0.9954419136047363 0.9949354529380798 0.9951886534690857 0.9951886534690857 0.995948314666748 0.9944289922714233 0.9954419136047363 0.9939225316047668 0.9929096102714539 0.990630567073822 0.9898708462715149 
10 0.7285388708114624 0.9632818698883057 0.9685996174812317 0.9880982637405396 0.990630567073822 0.9901241064071655 0.9929096102714539 0.9949354529380798 0.9949354529380798 0.9954419136047363 0.9954419136047363 0.9954419136047363 0.9954419136047363 0.9954419136047363 0.9954419136047363 0.9954419136047363 0.9951886534690857 0.9954419136047363 0.9954419136047363 0.9949354529380798 0.9951886534690857 0.9891111850738525 0.9875918030738831 0.9893643856048584 0.9934160709381104 0.9951886534690857 0.9951886534690857 0.9951886534690857 0.9944289922714233 0.9949354529380798 
10 0.5365959405899048 0.8899956941604614 0.9566912055015564 0.9748808741569519 0.9835426807403564 0.9883066415786743 0.9852750301361084 0.9878735542297363 0.9870073795318604 0.9883066415786743 0.9883066415786743 0.9891728162765503 0.9935036897659302 0.9922044277191162 0.9909051656723022 0.9926375150680542 0.9935036897659302 0.9943698644638062 0.9930706024169922 0.9943698644638062 0.9948029518127441 0.9952360391616821 0.9952360391616821 0.9943698644638062 0.9948029518127441 0.9956691265106201 0.9948029518127441 0.9943698644638062 0.9943698644638062 0.9956691265106201 
10 0.5489864945411682 0.8927364945411682 0.9514358043670654 0.9733952879905701 0.9826858043670654 0.9864864945411682 0.9881756901741028 0.9890202879905701 0.9911317825317383 0.9945101141929626 0.9945101141929626 0.9949324131011963 0.994087815284729 0.9945101141929626 0.994087815284729 0.9945101141929626 0.9932432174682617 0.9831081032752991 0.990287184715271 0.9915540814399719 0.9928209185600281 0.994087815284729 0.9928209185600281 0.9945101141929626 0.9945101141929626 0.994087815284729 0.9945101141929626 0.9949324131011963 0.9953547120094299 0.9949324131011963 
10 0.7001772522926331 0.9668270349502563 0.9832869172096252 0.988604724407196 0.990630567073822 0.9898708462715149 0.9901241064071655 0.9921498894691467 0.9918966889381409 0.9924031496047974 0.9924031496047974 0.9924031496047974 0.9924031496047974 0.9921498894691467 0.9924031496047974 0.9924031496047974 0.9934160709381104 0.9868320822715759 0.9653076529502869 0.9883514642715454 0.9911369681358337 0.9918966889381409 0.9921498894691467 0.9929096102714539 0.9929096102714539 0.9924031496047974 0.9931628108024597 0.9931628108024597 0.9921498894691467 0.9921498894691467 
10 0.6206634640693665 0.9604963064193726 0.9837933778762817 0.9888579249382019 0.9893643856048584 0.9891111850738525 0.9913902282714844 0.9921498894691467 0.9918966889381409 0.9939225316047668 0.9934160709381104 0.9921498894691467 0.9929096102714539 0.9929096102714539 0.9921498894691467 0.9929096102714539 0.9939225316047668 0.9931628108024597 0.9931628108024597 0.9926563501358032 0.9924031496047974 0.9921498894691467 0.9893643856048584 0.9916434288024902 0.9931628108024597 0.9929096102714539 0.9827804565429688 0.9880982637405396 0.9911369681358337 0.989617645740509 
10 0.5444810390472412 0.8739703297615051 0.9563426971435547 0.9781713485717773 0.9864085912704468 0.9888797402381897 0.9892916083335876 0.9892916083335876 0.9892916083335876 0.9884678721427917 0.9888797402381897 0.9905272126197815 0.9925864934921265 0.9929983615875244 0.9938220977783203 0.9929983615875244 0.9950576424598694 0.9929983615875244 0.9946457743644714 0.9938220977783203 0.9876441359519958 0.984349250793457 0.9851729869842529 0.9917627573013306 0.9925864934921265 0.9942339658737183 0.9950576424598694 0.9934102296829224 0.9938220977783203 0.9929983615875244 
10 0.5673502087593079 0.8817852735519409 0.9565742015838623 0.9726577997207642 0.9734619855880737 0.9778850078582764 0.9835142493247986 0.9867309927940369 0.988339364528656 0.9879372715950012 0.9903498291969299 0.9931644797325134 0.993968665599823 0.994370698928833 0.994370698928833 0.993968665599823 0.9955769777297974 0.9899477362632751 0.9855247139930725 0.9879372715950012 0.9951748847961426 0.994370698928833 0.994370698928833 0.993968665599823 0.9947727918624878 0.9955769777297974 0.9955769777297974 0.9955769777297974 0.9955769777297974 0.9955769777297974 
10 0.655102550983429 0.9637883305549622 0.9883514642715454 0.9924031496047974 0.9941757321357727 0.9931628108024597 0.9918966889381409 0.9924031496047974 0.9939225316047668 0.9936692714691162 0.9921498894691467 0.9941757321357727 0.9934160709381104 0.9941757321357727 0.9946821928024292 0.9946821928024292 0.9949354529380798 0.9946821928024292 0.9946821928024292 0.9934160709381104 0.9946821928024292 0.9949354529380798 0.9946821928024292 0.9951886534690857 0.9951886534690857 0.9944289922714233 0.9941757321357727 0.9911369681358337 0.9918966889381409 0.9944289922714233 
10 0.6634591221809387 0.9637883305549622 0.988604724407196 0.9911369681358337 0.9929096102714539 0.9934160709381104 0.9921498894691467 0.9926563501358032 0.9916434288024902 0.9936692714691162 0.9939225316047668 0.9931628108024597 0.9939225316047668 0.9944289922714233 0.9934160709381104 0.9941757321357727 0.9941757321357727 0.9944289922714233 0.9934160709381104 0.9949354529380798 0.9939225316047668 0.9875918030738831 0.9832869172096252 0.9842998385429382 0.9875918030738831 0.9908837676048279 0.9901241064071655 0.9911369681358337 0.9936692714691162 0.9936692714691162 
10 0.5455987453460693 0.875892162322998 0.9643140435218811 0.9837430715560913 0.9873116612434387 0.9885011911392212 0.9920697808265686 0.9920697808265686 0.993655800819397 0.9948453903198242 0.9952418804168701 0.9952418804168701 0.9952418804168701 0.9960349202156067 0.995638370513916 0.995638370513916 0.9940523505210876 0.995638370513916 0.9952418804168701 0.9952418804168701 0.9964314103126526 0.995638370513916 0.995638370513916 0.9924662709236145 0.9773988723754883 0.9813640117645264 0.9904837608337402 0.993655800819397 0.9948453903198242 0.9952418804168701 
10 0.5329104065895081 0.8687549829483032 0.9551942944526672 0.9758128523826599 0.9857256412506104 0.9865186214447021 0.9892942309379578 0.9900872111320496 0.9900872111320496 0.9892942309379578 0.9908802509307861 0.9888976812362671 0.9940523505210876 0.9698652029037476 0.9853290915489197 0.993655800819397 0.993655800819397 0.9932593107223511 0.9952418804168701 0.9960349202156067 0.995638370513916 0.995638370513916 0.995638370513916 0.995638370513916 0.9952418804168701 0.9952418804168701 0.9952418804168701 0.9944488406181335 0.9952418804168701 0.995638370513916 
10 0.6563686728477478 0.9617624878883362 0.9863256812095642 0.9911369681358337 0.990630567073822 0.9913902282714844 0.9918966889381409 0.9936692714691162 0.9926563501358032 0.9908837676048279 0.9918966889381409 0.9939225316047668 0.9924031496047974 0.9931628108024597 0.9924031496047974 0.9936692714691162 0.9939225316047668 0.9918966889381409 0.9918966889381409 0.990630567073822 0.9883514642715454 0.9888579249382019 0.9931628108024597 0.9949354529380798 0.9939225316047668 0.9941757321357727 0.9936692714691162 0.9946821928024292 0.9939225316047668 0.9936692714691162 
10 0.1834104061126709 0.6315064430236816 0.8948145508766174 0.9652661681175232 0.9829774498939514 0.9895700216293335 0.9922267198562622 0.993013858795166 0.9908491373062134 0.9938994646072388 
10 0.15785735845565796 0.5838490128517151 0.8568530082702637 0.9504920244216919 0.9783909916877747 0.9857968688011169 0.9905650615692139 0.9928984642028809 0.9948260188102722 0.9951303601264954 
10 0.26212963461875916 0.7489814758300781 0.9409258961677551 0.9787036776542664 0.9908333420753479 0.9924073815345764 0.994259238243103 0.9934259057044983 0.9947222471237183 0.9946296215057373 
10 0.7341223359107971 0.940823495388031 0.995832622051239 0.9998332858085632 1.0 1.0 1.0 1.0 1.0 1.0 
10 0.9038583040237427 0.942441463470459 0.9914610981941223 0.9962049126625061 0.9984187483787537 0.9977862238883972 0.9990512132644653 0.9984187483787537 0.9981024861335754 0.9996837377548218 
10 0.86606365442276 0.9998260736465454 1.0 1.0 1.0 1.0 1.0 1.0 1.0 1.0 
10 0.8631066083908081 0.9998260736465454 1.0 1.0 1.0 1.0 1.0 1.0 1.0 1.0 
10 0.9008160829544067 0.9259259104728699 0.9868173003196716 0.9962335228919983 0.9996861219406128 0.998430609703064 0.9990583658218384 0.9996861219406128 1.0 1.0 
10 0.8803269863128662 0.9998260736465454 1.0 1.0 1.0 1.0 1.0 1.0 1.0 1.0 
10 0.8766741752624512 1.0 1.0 1.0 1.0 1.0 1.0 1.0 1.0 1.0 
10 0.8831101059913635 0.9998260736465454 1.0 1.0 1.0 1.0 1.0 1.0 1.0 1.0 
10 0.7716124653816223 0.9906070828437805 1.0 1.0 1.0 1.0 1.0 1.0 1.0 1.0 
10 0.7698766589164734 0.9317764639854431 0.9892416596412659 0.9986879825592041 0.9997376203536987 0.9997376203536987 1.0 1.0 1.0 0.9994751811027527 
10 0.33743464946746826 0.7979083061218262 0.970778226852417 0.9846200942993164 0.982774555683136 0.9824669361114502 0.9843125343322754 0.9843125343322754 0.9840049147605896 0.9843125343322754 
10 0.6286152005195618 0.7659067511558533 0.8487581014633179 0.8924804329872131 0.9096631407737732 0.9314392805099487 0.9418169260025024 0.9571282863616943 0.9624021649360657 0.9666553139686584 
10 0.33651185035705566 0.7757613062858582 0.9704706072807312 0.9821593165397644 0.9796985387802124 0.9809289574623108 0.9800061583518982 0.9809289574623108 0.9821593165397644 0.9809289574623108 
10 0.4023782014846802 0.8304564356803894 0.974299967288971 0.9835059642791748 0.9946298599243164 0.9976984858512878 0.9976984858512878 0.9961642026901245 0.9969313144683838 0.9969313144683838 
10 0.5420198440551758 0.9634293913841248 0.9966093301773071 0.9970937371253967 0.9978203177452087 0.9975780844688416 0.9973359107971191 0.9980624914169312 0.9978203177452087 0.9978203177452087 
10 0.5514652729034424 0.9534996151924133 0.9958828091621399 0.9968515634536743 0.9980624914169312 0.9973359107971191 0.9980624914169312 0.9980624914169312 0.9980624914169312 0.9980624914169312 
10 0.35907408595085144 0.8314814567565918 0.9570370316505432 0.9866666793823242 0.9904629588127136 0.9953703880310059 0.9938889145851135 0.996666669845581 0.9978703856468201 0.9969444274902344 
10 0.2193603515625 0.7381591796875 0.9056396484375 0.95751953125 0.9693603515625 0.9803466796875 0.986083984375 0.99169921875 0.99169921875 0.992431640625 
10 0.5524358153343201 0.9439177513122559 0.9819136261940002 0.9908109903335571 0.9919049143791199 0.9941657185554504 0.9940927624702454 0.9956972002983093 0.995551347732544 0.9956972002983093 
10 0.7199290990829468 0.9665738344192505 0.9898708462715149 0.9949354529380798 0.9911369681358337 0.9951886534690857 0.9931628108024597 0.9951886534690857 0.9954419136047363 0.9949354529380798 
10 0.31658250093460083 0.691077470779419 0.9003366827964783 0.9625421166419983 0.9840067625045776 0.9875420928001404 0.9906565546989441 0.9916666746139526 0.9918349981307983 0.9940235614776611 
10 0.6328683495521545 0.7820687294006348 0.8562436103820801 0.8899285197257996 0.9130656719207764 0.9338210225105286 0.9413065910339355 0.9554269909858704 0.9620619416236877 0.9683566093444824 
10 0.6406941413879395 0.775944173336029 0.8501191139221191 0.8938414454460144 0.91953045129776 0.9373936653137207 0.9532153606414795 0.961721658706665 0.9668254256248474 0.9678462147712708 
10 0.6381422281265259 0.7858114838600159 0.8560734987258911 0.8987751007080078 0.9217420816421509 0.9458999633789062 0.9596801400184631 0.9659748077392578 0.9755018949508667 0.9783940315246582 0.9816263914108276 0.9858795404434204 0.9857094287872314 0.9914937019348145 0.9903028011322021 0.9920040965080261 0.9916638135910034 0.9899625778198242 0.9930248260498047 0.9918339848518372 
10 0.7676882743835449 0.9899054169654846 0.9957711696624756 0.9959076046943665 0.9969989061355591 0.9959076046943665 0.9954983592033386 0.9980447292327881 0.9977719187736511 0.9986358880996704 0.9976809620857239 0.9979992508888245 0.997908353805542 0.9977719187736511 0.9983630180358887 0.9983175992965698 0.9977719187736511 0.9978628754615784 0.9984539747238159 0.9980902075767517 
10 0.7417697310447693 0.9859949350357056 0.9947253465652466 0.9956347942352295 0.9965896606445312 0.9965441823005676 0.9960894584655762 0.996225893497467 0.9968170523643494 0.9981356859207153 
